
Problem solving for practice matrix:
The matrix 
7 1 7 
5 7 7 
3 7 8 
 
The matrix LU decomposed 
7 1 7 
0.714286 6.28571 2 
0.428571 1.04545 2.90909 
The Inverse Matrix
0.0546875 0.320312 -0.328125 
-0.148438 0.273438 -0.109375 
0.109375 -0.359375 0.34375 
Invmatnorm2 for practice problem: 0.736768
Cond for practice problem: 13.0518

Problem solving for assigned matrix:
The matrix 
-6 -4 6 6 -2 4 7 
-3 -4 -1 8 1 -2 4 
-1 -1 -5 8 -6 -8 -7 
5 2 8 -9 -7 -4 4 
4 0 -5 7 6 -9 3 
-6 5 1 0 -9 -9 -1 
2 -1 -6 -9 7 -2 8 
 
The matrix LU decomposed 
-6 -4 6 6 -2 4 7 
0.5 -2 -4 5 2 -4 0.5 
0.166667 0.166667 -5.33333 6.16667 -6 -8 -8.25 
-0.833333 0.666667 -2.9375 10.7813 -27.625 -21.5 -14.7344 
-0.666667 1.33333 -0.8125 0.866667 21.0667 11.1333 13.0667 
1 -4.5 4.3125 -0.936232 0.0954871 -17.6921 14.7856 
-0.333333 1.16667 -0.125 -1.11884 -1.31288 0.363912 4.00761 
The Inverse Matrix
0.624675 -0.967044 0.376157 -0.035797 0.257219 0.103857 0.258773 
0.896179 -1.43014 0.394786 -0.17819 0.260238 0.222568 0.418894 
-0.890476 1.33906 -0.547405 0.16224 -0.169975 -0.0476013 -0.358188 
0.474732 -0.67491 0.240304 -0.0798996 0.150199 0.0856629 0.163589 
-0.915333 1.32567 -0.559689 0.0925887 -0.219883 -0.0935842 -0.358559 
0.806203 -1.19875 0.421833 -0.138884 0.147539 0.0151284 0.223662 
0.824537 -1.15163 0.410283 -0.0972673 0.239 0.148195 0.39772 
matnorm2 for assigned matrix: 22.1903
Invmatnorm2 for assigned matrix: 4.07368
Cond for assigned matrix: 90.3937
