Initialization time was 4.00543e-05 seconds.
A=
(1 0) (1 0) (1 0) (1 0) 
(1 0) (6.12323e-17 -1) (-1 -1.22465e-16) (-1.83697e-16 1) 
(1 0) (-1 -1.22465e-16) (1 2.44929e-16) (-1 -3.67394e-16) 
(1 0) (-1.83697e-16 1) (-1 -3.67394e-16) (5.51091e-16 -1) 
X=
(2 0.25) 
(1.5 0.333333) 
(1.33333 0.5) 
(1.25 1) 
Elapsed time was 7.15256e-06 seconds.
B=
(6.08333 2.08333) 
(0 -0.5) 
(0.583333 -0.583333) 
(1.33333 0) 
Elapsed time was 1.19209e-06 seconds.
C=
(6.08333 2.08333) 
(1.33333 -2.77556e-17) 
(0.583333 -0.583333) 
(0 -0.5) 
