m,N=50,4
5.600000 12.389557
5.290000 17.276710
7.350000 -10.114793
4.110000 16.428033
4.260000 18.382014
7.480000 -6.979290
4.610000 19.462842
1.390000 11.335610
9.140000 37.879016
8.110000 16.165112
0.020000 1.530244
0.870000 5.646857
8.980000 38.983863
9.330000 37.694209
2.220000 13.129928
5.630000 12.586366
7.190000 -13.276056
7.810000 3.710385
2.560000 11.779267
9.380000 37.052866
0.560000 3.150681
0.390000 1.655963
0.610000 4.216839
3.710000 11.879763
2.870000 12.118830
8.960000 38.545917
6.030000 -2.238128
2.900000 10.134701
6.780000 -15.975972
8.560000 31.546337
6.000000 -1.366439
7.780000 3.605666
6.710000 -15.491096
5.000000 20.910543
9.980000 18.715969
4.180000 20.152867
6.440000 -12.749068
5.620000 9.298621
0.170000 -1.489399
3.910000 14.708424
5.640000 10.088494
2.290000 15.418331
0.050000 -1.232896
8.320000 24.104157
5.250000 19.611059
4.240000 19.627959
0.960000 7.267102
3.620000 13.456313
1.690000 15.397825
6.730000 -16.234349
A=
1 0.775566 -0.0655672 -0.962505 
1 0.546024 0.364217 -0.965814 
1 0.482916 -0.565554 0.986549 
1 -0.566613 0.89122 0.670775 
1 -0.437115 0.96674 0.457734 
1 0.365325 -0.405254 0.925149 
1 -0.10221 0.972202 -0.1304 
1 0.179813 -0.384772 -0.742473 
1 -0.959724 0.936058 -0.992447 
1 -0.253231 0.45618 0.0901125 
1 0.9998 0.9996 0.9994 
1 0.644827 0.333893 0.0638686 
1 -0.902706 0.991133 -0.988143 
1 -0.995512 0.809062 -0.899544 
1 -0.604552 -0.999998 -0.762544 
1 0.794152 -0.107831 -0.947117 
1 0.616257 -0.73616 0.993631 
1 0.0439675 0.0494135 0.572745 
1 -0.835589 -0.887551 -0.274759 
1 -0.998998 0.765517 -0.85839 
1 0.847255 0.702452 0.565342 
1 0.924909 0.851717 0.780395 
1 0.819648 0.650411 0.491878 
1 -0.842759 0.509276 0.989832 
1 -0.963345 -0.608045 0.255724 
1 -0.893921 0.994494 -0.982232 
1 0.968119 -0.623902 -0.523802 
1 -0.970958 -0.573826 0.30559 
1 0.879105 -0.986649 0.679976 
1 -0.648809 0.89574 -0.635911 
1 0.96017 -0.590194 -0.567338 
1 0.0739142 0.00700717 0.614547 
1 0.910289 -0.997914 0.586302 
1 0.283662 0.705348 -0.721712 
1 -0.849783 0.0233135 0.0071074 
1 -0.507593 0.931685 0.576149 
1 0.98773 -0.950099 0.158166 
1 0.788035 -0.0937607 -0.952532 
1 0.985585 0.971239 0.956962 
1 -0.719018 0.729223 0.88274 
1 0.800189 -0.121879 -0.941417 
1 -0.658786 -0.995303 -0.678701 
1 0.99875 0.997501 0.996252 
1 -0.449333 0.696625 -0.270099 
1 0.512085 0.416289 -0.945552 
1 -0.455015 0.95912 0.488252 
1 0.57352 0.211541 -0.0918428 
1 -0.887729 0.395915 0.999913 
1 -0.118922 -0.730617 -0.977099 
1 0.901828 -0.99569 0.614007 
Q=
-0.141421 -0.13689 -0.0131289 0.211087 
-0.141421 -0.0929274 0.0645768 0.211148 
-0.141421 -0.0808406 -0.12866 -0.191172 
-0.141421 0.120169 0.122536 -0.141674 
R=
-7.07107 -0.430094 -1.09793 0.014605 
0 -5.22128 1.14492 -0.90479 
0 0 4.88318 0.473313 
0 0 0 -5.10728 
c=
9.85236 
-10.149 
9.92977 
-10.2126 
